S2RSLDB1:10.39794000867204
S2RSLDB2:8.823908740944319
S2RSLDB3:8.958607314841776
S2RSLDB4:9.585026652029182
S2RSLDB5:8.259637310505756
